function G = BCH_n63_k16_G()
G = [
1	0	0	0	0	0	0	0	0	0	0	0	0	0	0	0	1	1	0	0	1	1	0	1	1	0	0	1	0	0	1	1	0	0	0	0	1	0	1	1	1	1	0	1	1	1	0	1	0	0	1	1	1	0	1	1	0	0	1	0	1	0	1
0	1	0	0	0	0	0	0	0	0	0	0	0	0	0	0	1	0	1	0	1	0	1	1	0	1	0	1	1	0	1	0	1	0	0	0	1	1	1	0	0	0	1	1	0	0	1	1	1	0	1	0	0	1	1	0	1	0	1	1	1	1	1
0	0	1	0	0	0	0	0	0	0	0	0	0	0	0	0	1	0	0	1	1	0	0	0	0	0	1	1	1	1	1	0	0	1	0	0	1	1	0	0	1	1	0	0	0	1	0	0	1	1	1	0	1	0	0	0	0	1	1	1	0	1	0
0	0	0	1	0	0	0	0	0	0	0	0	0	0	0	0	0	1	0	0	1	1	0	0	0	0	0	1	1	1	1	1	0	0	1	0	0	1	1	0	0	1	1	0	0	0	1	0	0	1	1	1	0	1	0	0	0	0	1	1	1	0	1
0	0	0	0	1	0	0	0	0	0	0	0	0	0	0	0	1	1	1	0	1	0	1	1	1	0	0	1	1	1	0	0	1	0	0	1	1	0	0	0	1	1	1	0	1	1	0	0	0	0	0	0	0	0	0	1	0	0	1	1	0	1	1
0	0	0	0	0	1	0	0	0	0	0	0	0	0	0	0	1	0	1	1	1	0	0	0	0	1	0	1	1	1	0	1	0	1	0	0	0	1	1	1	1	0	1	0	1	0	1	1	0	0	1	1	1	0	1	1	1	0	1	1	0	0	0
0	0	0	0	0	0	1	0	0	0	0	0	0	0	0	0	0	1	0	1	1	1	0	0	0	0	1	0	1	1	1	0	1	0	1	0	0	0	1	1	1	1	0	1	0	1	0	1	1	0	0	1	1	1	0	1	1	1	0	1	1	0	0
0	0	0	0	0	0	0	1	0	0	0	0	0	0	0	0	0	0	1	0	1	1	1	0	0	0	0	1	0	1	1	1	0	1	0	1	0	0	0	1	1	1	1	0	1	0	1	0	1	1	0	0	1	1	1	0	1	1	1	0	1	1	0
0	0	0	0	0	0	0	0	1	0	0	0	0	0	0	0	0	0	0	1	0	1	1	1	0	0	0	0	1	0	1	1	1	0	1	0	1	0	0	0	1	1	1	1	0	1	0	1	0	1	1	0	0	1	1	1	0	1	1	1	0	1	1
0	0	0	0	0	0	0	0	0	1	0	0	0	0	0	0	1	1	0	0	0	1	1	0	0	0	0	1	0	1	1	0	1	1	0	1	1	1	1	1	1	0	1	0	0	1	1	1	1	0	0	0	1	0	0	0	1	0	0	1	0	0	0
0	0	0	0	0	0	0	0	0	0	1	0	0	0	0	0	0	1	1	0	0	0	1	1	0	0	0	0	1	0	1	1	0	1	1	0	1	1	1	1	1	1	0	1	0	0	1	1	1	1	0	0	0	1	0	0	0	1	0	0	1	0	0
0	0	0	0	0	0	0	0	0	0	0	1	0	0	0	0	0	0	1	1	0	0	0	1	1	0	0	0	0	1	0	1	1	0	1	1	0	1	1	1	1	1	1	0	1	0	0	1	1	1	1	0	0	0	1	0	0	0	1	0	0	1	0
0	0	0	0	0	0	0	0	0	0	0	0	1	0	0	0	0	0	0	1	1	0	0	0	1	1	0	0	0	0	1	0	1	1	0	1	1	0	1	1	1	1	1	1	0	1	0	0	1	1	1	1	0	0	0	1	0	0	0	1	0	0	1
0	0	0	0	0	0	0	0	0	0	0	0	0	1	0	0	1	1	0	0	0	0	0	1	1	1	1	1	0	0	1	0	0	1	1	0	0	1	1	0	0	0	1	0	0	1	1	1	0	1	0	0	0	0	1	1	1	0	1	0	0	0	1
0	0	0	0	0	0	0	0	0	0	0	0	0	0	1	0	1	0	1	0	1	1	0	1	0	1	1	0	1	0	1	0	0	0	1	1	1	0	0	0	1	1	0	0	1	1	1	0	1	0	0	1	1	0	1	0	1	1	1	1	1	0	1
0	0	0	0	0	0	0	0	0	0	0	0	0	0	0	1	1	0	0	1	1	0	1	1	0	0	1	0	0	1	1	0	0	0	0	1	0	1	1	1	1	0	1	1	1	0	1	0	0	1	1	1	0	1	1	0	0	1	0	1	0	1	1
];

end
