function G = BCH_n7_k4_G()
G = [
1	0	0	0	1	0	1
0	1	0	0	1	1	1
0	0	1	0	1	1	0
0	0	0	1	0	1	1
];

end
