function H = eBCH_n32_k21_dmin6_H()
H = [
1	1	0	1	0	1	0	1	1	1	1	0	0	1	0	0	1	0	1	0	0	1	0	0	0	0	0	0	0	0	0	0
0	1	1	0	1	0	1	0	1	1	1	1	0	0	1	0	0	1	0	1	0	0	1	0	0	0	0	0	0	0	0	0
0	0	1	1	0	1	0	1	0	1	1	1	1	0	0	1	0	0	1	0	1	0	0	1	0	0	0	0	0	0	0	0
0	0	0	1	1	0	1	0	1	0	1	1	1	1	0	0	1	0	0	1	0	1	0	0	1	0	0	0	0	0	0	0
0	0	0	0	1	1	0	1	0	1	0	1	1	1	1	0	0	1	0	0	1	0	1	0	0	1	0	0	0	0	0	0
0	0	0	0	0	1	1	0	1	0	1	0	1	1	1	1	0	0	1	0	0	1	0	1	0	0	1	0	0	0	0	0
0	0	0	0	0	0	1	1	0	1	0	1	0	1	1	1	1	0	0	1	0	0	1	0	1	0	0	1	0	0	0	0
0	0	0	0	0	0	0	1	1	0	1	0	1	0	1	1	1	1	0	0	1	0	0	1	0	1	0	0	1	0	0	0
0	0	0	0	0	0	0	0	1	1	0	1	0	1	0	1	1	1	1	0	0	1	0	0	1	0	1	0	0	1	0	0
0	0	0	0	0	0	0	0	0	1	1	0	1	0	1	0	1	1	1	1	0	0	1	0	0	1	0	1	0	0	1	0
1	1	1	1	1	1	1	1	1	1	1	1	1	1	1	1	1	1	1	1	1	1	1	1	1	1	1	1	1	1	1	1

];

end
