function H = eBCH_n16_k7_dmin6_H()
H = [
1	1	0	1	0	0	0	1	0	0	0	0	0	0	0	0
0	1	1	0	1	0	0	0	1	0	0	0	0	0	0	0
0	0	1	1	0	1	0	0	0	1	0	0	0	0	0	0
0	0	0	1	1	0	1	0	0	0	1	0	0	0	0	0
0	0	0	0	1	1	0	1	0	0	0	1	0	0	0	0
0	0	0	0	0	1	1	0	1	0	0	0	1	0	0	0
0	0	0	0	0	0	1	1	0	1	0	0	0	1	0	0
0	0	0	0	0	0	0	1	1	0	1	0	0	0	1	0
1	1	1	1	1	1	1	1	1	1	1	1	1	1	1	1

];

end
