function H = eBCH_n8_k4_dmin4_H()
H = [
1	0	1	1	1	0	0	0
0	1	0	1	1	1	0	0
0	0	1	0	1	1	1	0
1	1	1	1	1	1	1	1
];

end
